8,15000,,1000
8,15002,,1001
8,1000,,3000
8,1000,,3001
8,15004,,1003
8,15006,,1002
5,1002,15004,5000
10,5000,,36
7,1002,15006,5001
10,5001,,24
5,1000,15006,5002
10,5002,,14
9,,,25000
12,,,23
5,1001,1000,5003
10,5003,,21
2,3000,1001,7500
8,7500,,3000
0,1001,15002,5004
8,5004,,1001
12,,,14
9,,,25001
9,,,3000
12,,,33
4,1003,15002,5005
10,5005,,31
2,3001,1000,7501
8,7501,,3001
1,1003,15002,5006
8,5006,,1003
12,,,24
9,,,25002
9,,,3001
0,1002,15002,5007
8,5007,,1002
12,,,6
9,,,25003
0,3001,3000,7502
9,,,7502
9,,,25004
1,3001,3000,7503
9,,,7503
9,,,25005
3,3001,3000,7504
9,,,7504
13,,,
&
15000,5
15002,1
15004,2
15006,0
15008,2
15010,0
15012,0
25000,"Factorial no es con numeros negativos"
15014,1
25001,"Factorial:"
15016,1
15018,1
25002,"Poder:"
15020,1
25003,"Suma de ambos"
25004,"Resta de Ambos"
25005,"Division de ambos"
